start=986.276000
volume=98.000000
fullscreen=no
